      mgcf        fecf        nacf        hmag        crcf        
     0.00000     0.00000    67.19452     0.00000     0.00000
     0.00000     0.00000    67.19452     0.00000     0.00000
     0.00000     0.00000     0.00000     0.00000    67.19452
     0.00000     0.00000     0.00000     0.00000     0.00000
     0.00000     0.00000     0.00000     0.00000     0.00000
 Volume
     0.00000     0.00000     0.00000     0.00000     0.00000
     0.00000     0.00000     0.00000     0.00000     0.00000
     0.00000     0.00000     0.00000     0.00000     0.00000
     0.00000     0.00000     0.00000     0.00000     0.00000
     0.00000     0.00000     0.00000     0.00000     0.00000
