      di          he          cen         cats        jd          acm         
     0.00000     0.00000    24.74000    26.00000    24.30000    24.30000
     0.00000     0.00000    24.74000    26.00000    24.30000    24.30000
     0.00000     0.00000     0.00000    63.71812    46.03709    46.03709
     0.00000     0.00000     0.00000     0.00000    10.00000    10.00000
     0.00000     0.00000     0.00000     0.00000     0.00000     0.00000
     0.00000     0.00000     0.00000     0.00000     0.00000     0.00000
 Volume
     0.00000     0.00000     0.00000     0.00000     0.00000     0.00000
     0.00000     0.00000     0.00000     0.00000     0.00000     0.00000
     0.00000     0.00000     0.00000     0.00000     0.00000     0.00000
     0.00000     0.00000     0.00000     0.00000     0.00000     0.00000
     0.00000     0.00000     0.00000     0.00000     0.00000     0.00000
     0.00000     0.00000     0.00000     0.00000     0.00000     0.00000
