      py          al          gr          mgmj        namj        andr        knor        
     0.00000     0.00000    19.08857    23.16432    23.16432    53.00000     0.00000
     0.00000     0.00000     0.00000    23.16432    23.16432    44.00000    10.00000
     0.00000     0.00000     0.00000    64.68245    64.68245     0.00000   -20.00000
     0.00000     0.00000     0.00000     0.00000    71.17245    64.68245    25.87913
     0.00000     0.00000     0.00000     0.00000     0.00000    64.68245    25.87913
     0.00000     0.00000     0.00000     0.00000     0.00000     0.00000    75.00000
     0.00000     0.00000     0.00000     0.00000     0.00000     0.00000     0.00000
 Volume
     0.00000     0.00000     1.03000     0.00000     0.00000     0.00000     0.00000
     0.00000     0.00000     0.00000     0.00000     0.00000     0.00000     0.00000
     0.00000     0.00000     0.00000     1.03000     0.00000     0.00000     0.00000
     0.00000     0.00000     0.00000     0.00000     0.00000     0.00000     0.00000
     0.00000     0.00000     0.00000     0.00000     0.00000     0.00000     0.00000
     0.00000     0.00000     0.00000     0.00000     0.00000     0.00000     0.00000
     0.00000     0.00000     0.00000     0.00000     0.00000     0.00000     0.00000
