      mgil        feil        co          hem         esk         
     0.00000     0.00000    62.48740    65.00000    93.18402
     0.00000     0.00000    62.48740    65.00000    93.18402
     0.00000     0.00000     0.00000    65.00000    40.00000
     0.00000     0.00000     0.00000     0.00000    40.00000
     0.00000     0.00000     0.00000     0.00000     0.00000
 Volume
     0.00000     0.00000     0.00000     0.00000     0.00000
     0.00000     0.00000     0.00000     0.00000     0.00000
     0.00000     0.00000     0.00000     0.00000     0.00000
     0.00000     0.00000     0.00000     0.00000     0.00000
     0.00000     0.00000     0.00000     0.00000     0.00000
