      pe          wu          wuls        anao        mag         
     0.00000    44.00000   -87.12047   120.00000   302.74520
     0.00000     0.00000   -60.21909   120.00000   106.15149
     0.00000     0.00000     0.00000   120.00000   106.15149
     0.00000     0.00000     0.00000     0.00000   120.00000
     0.00000     0.00000     0.00000     0.00000     0.00000
 Volume
     0.00000     0.44000     0.00000     0.00000     0.00000
     0.00000     0.00000     0.00000     0.00000     0.00000
     0.00000     0.00000     0.00000     0.00000     0.00000
     0.00000     0.00000     0.00000     0.00000     0.00000
     0.00000     0.00000     0.00000     0.00000     0.00000
