      mppv        fppv        appv        hppv        cppv        
     0.00000   -39.83177    31.66295    93.86753    93.18402
     0.00000     0.00000    31.66295    93.86753    93.18402
     0.00000     0.00000     0.00000    65.00000    40.00000
     0.00000     0.00000     0.00000     0.00000    40.00000
     0.00000     0.00000     0.00000     0.00000     0.00000
 Volume
     0.00000     0.00000     0.00000     0.00000     0.00000
     0.00000     0.00000     0.00000     0.00000     0.00000
     0.00000     0.00000     0.00000     0.00000     0.00000
     0.00000     0.00000     0.00000     0.00000     0.00000
     0.00000     0.00000     0.00000     0.00000     0.00000
