      mgpv        fepv        alpv        hepv        hlpv        fapv        crpv        
     0.00000   -12.46739    31.66295    93.86753    49.85996     0.00000    93.18402
     0.00000     0.00000     0.00000    93.86753    49.85996     0.00000    93.18402
     0.00000     0.00000     0.00000    65.00000    65.00000    65.00000    40.00000
     0.00000     0.00000     0.00000     0.00000    -5.87510    65.00000    40.00000
     0.00000     0.00000     0.00000     0.00000     0.00000    65.00000    40.00000
     0.00000     0.00000     0.00000     0.00000     0.00000     0.00000    40.00000
     0.00000     0.00000     0.00000     0.00000     0.00000     0.00000     0.00000
 Volume
     0.00000     0.00000     0.00000     0.00000     0.00000     0.00000     0.00000
     0.00000     0.00000     0.00000     0.00000     0.00000     0.00000     0.00000
     0.00000     0.00000     0.00000     0.00000     0.00000     0.00000     0.00000
     0.00000     0.00000     0.00000     0.00000     0.00000     0.00000     0.00000
     0.00000     0.00000     0.00000     0.00000     0.00000     0.00000     0.00000
     0.00000     0.00000     0.00000     0.00000     0.00000     0.00000     0.00000
     0.00000     0.00000     0.00000     0.00000     0.00000     0.00000     0.00000
